0, 0.0016666666666666666, 1,0, 0,0, 0,0, -4.371096047843853e-8,-7.570956897649426e-8, 1, 1,0, 0,0, -4.371096047843853e-8,-7.570956897649426e-8
1, 0.0016666666666666666, 1.2,0, 0,0, 0,0, 1.3877782513858536e-16,-1.514191380731737e-7, 1, 1.2,0, 0,0, 1.3877782513858536e-16,-1.514191380731737e-7
2, 0.0016666666666666666, 1.1,0.173205, 0,0, 0,0, -4.37109606172163e-8,7.570956897649425e-8, 1, 1.1,0.173205, 0,0, -4.37109606172163e-8,7.570956897649425e-8
3, 0.0016666666666666666, 1.3,0.173205, 0,0, 0,0, 4.371096040904964e-8,-7.570956909667946e-8, 1, 1.3,0.173205, 0,0, 4.371096040904964e-8,-7.570956909667946e-8
4, 0.0016666666666666666, 1.2,0.34641, 0,0, 0,0, -4.371096037435515e-8,7.570956915677201e-8, 1, 1.2,0.34641, 0,0, -4.371096037435515e-8,7.570956915677201e-8
5, 0.0016666666666666666, 1.4,0.34641, 0,0, 0,0, 4.371096061721629e-8,-7.570956885630912e-8, 1, 1.4,0.34641, 0,0, 4.371096061721629e-8,-7.570956885630912e-8
6, 0.0016666666666666666, 1.3,0.519615, 0,0, 0,0, -1.3877781852114046e-16,1.5141913795298857e-7, 1, 1.3,0.519615, 0,0, -1.3877781852114046e-16,1.5141913795298857e-7
7, 0.0016666666666666666, 1.5,0.519615, 0,0, 0,0, 4.371096044374404e-8,7.570956891640169e-8, 1, 1.5,0.519615, 0,0, 4.371096044374404e-8,7.570956891640169e-8
0, 0.0016666666666666666, 1,0, 0,0, -4.371096047843853e-8,-7.570956897649426e-8, -4.371096047843853e-8,-7.570956897649426e-8, 1, 1,0, -7.285160079739754e-11,-1.2618261496082376e-10, -4.371096047843853e-8,-7.570956897649426e-8
1, 0.0016666666666666666, 1.2,0, 0,0, 1.3877782513858536e-16,-1.514191380731737e-7, 1.3877782513858536e-16,-1.514191380731737e-7, 1, 1.2,0, 2.312963752309756e-19,-2.523652301219562e-10, 1.3877782513858536e-16,-1.514191380731737e-7
2, 0.0016666666666666666, 1.1,0.173205, 0,0, -4.37109606172163e-8,7.570956897649425e-8, -4.37109606172163e-8,7.570956897649425e-8, 1, 1.1,0.173205, -7.285160102869382e-11,1.2618261496082373e-10, -4.37109606172163e-8,7.570956897649425e-8
3, 0.0016666666666666666, 1.3,0.173205, 0,0, 4.371096040904964e-8,-7.570956909667946e-8, 4.371096040904964e-8,-7.570956909667946e-8, 1, 1.3,0.173205, 7.285160068174939e-11,-1.2618261516113242e-10, 4.371096040904964e-8,-7.570956909667946e-8
4, 0.0016666666666666666, 1.2,0.34641, 0,0, -4.371096037435515e-8,7.570956915677201e-8, -4.371096037435515e-8,7.570956915677201e-8, 1, 1.2,0.34641, -7.285160062392524e-11,1.2618261526128667e-10, -4.371096037435515e-8,7.570956915677201e-8
5, 0.0016666666666666666, 1.4,0.34641, 0,0, 4.371096061721629e-8,-7.570956885630912e-8, 4.371096061721629e-8,-7.570956885630912e-8, 1, 1.4,0.34641, 7.285160102869382e-11,-1.261826147605152e-10, 4.371096061721629e-8,-7.570956885630912e-8
6, 0.0016666666666666666, 1.3,0.519615, 0,0, -1.3877781852114046e-16,1.5141913795298857e-7, -1.3877781852114046e-16,1.5141913795298857e-7, 1, 1.3,0.519615, -2.3129636420190077e-19,2.523652299216476e-10, -1.3877781852114046e-16,1.5141913795298857e-7
7, 0.0016666666666666666, 1.5,0.519615, 0,0, 4.371096044374404e-8,7.570956891640169e-8, 4.371096044374404e-8,7.570956891640169e-8, 1, 1.5,0.519615, 7.285160073957339e-11,1.2618261486066948e-10, 4.371096044374404e-8,7.570956891640169e-8
0, 0.0016666666666666666, 1,0, -7.285160079739754e-11,-1.2618261496082376e-10, -4.371096047843853e-8,-7.570956897649426e-8, -4.366496416324308e-8,-7.562990105888644e-8, 1, 0.9999999999998785,-2.103043582680396e-13, -1.4570320159479508e-10,-2.523652299216475e-10, -4.366496416324308e-8,-7.562990105888644e-8
1, 0.0016666666666666666, 1.2,0, 2.312963752309756e-19,-2.523652301219562e-10, 1.3877782513858536e-16,-1.514191380731737e-7, 1.386317913645228e-16,-1.5125980223783162e-7, 1, 1.2,-4.2060871686992694e-13, 4.625927504619512e-19,-5.047304602439124e-10, 1.386317913645228e-16,-1.5125980223783162e-7
2, 0.0016666666666666666, 1.1,0.173205, -7.285160102869382e-11,1.2618261496082373e-10, -4.37109606172163e-8,7.570956897649425e-8, -4.3664964301874816e-8,7.562990105888644e-8, 1, 1.0999999999998786,0.1732050000002103, -1.4570320205738764e-10,2.5236522992164746e-10, -4.3664964301874816e-8,7.562990105888644e-8
3, 0.0016666666666666666, 1.3,0.173205, 7.285160068174939e-11,-1.2618261516113242e-10, 4.371096040904964e-8,-7.570956909667946e-8, 4.366496409392721e-8,-7.562990117894518e-8, 1, 1.3000000000001215,0.1732049999997897, 1.4570320136349879e-10,-2.5236523032226484e-10, 4.366496409392721e-8,-7.562990117894518e-8
4, 0.0016666666666666666, 1.2,0.34641, -7.285160062392524e-11,1.2618261526128667e-10, -4.371096037435515e-8,7.570956915677201e-8, -4.366496405926923e-8,7.56299012389745e-8, 1, 1.1999999999998785,0.3464100000002103, -1.4570320124785048e-10,2.5236523052257335e-10, -4.366496405926923e-8,7.56299012389745e-8
5, 0.0016666666666666666, 1.4,0.34641, 7.285160102869382e-11,-1.261826147605152e-10, 4.371096061721629e-8,-7.570956885630912e-8, 4.366496430187481e-8,-7.562990093882778e-8, 1, 1.4000000000001214,0.34640999999978966, 1.4570320205738764e-10,-2.523652295210304e-10, 4.366496430187481e-8,-7.562990093882778e-8
6, 0.0016666666666666666, 1.3,0.519615, -2.3129636420190077e-19,2.523652299216476e-10, -1.3877781852114046e-16,1.5141913795298857e-7, -1.386317847470779e-16,1.5125980211777296e-7, 1, 1.3,0.5196150000004207, -4.625927284038015e-19,5.047304598432952e-10, -1.386317847470779e-16,1.5125980211777296e-7
7, 0.0016666666666666666, 1.5,0.519615, 7.285160073957339e-11,1.2618261486066948e-10, 4.371096044374404e-8,7.570956891640169e-8, 4.3664964128585097e-8,7.562990099885711e-8, 1, 1.5000000000001215,0.5196150000002103, 1.4570320147914678e-10,2.5236522972133896e-10, 4.3664964128585097e-8,7.562990099885711e-8
0, 0.0016666666666666666, 0.9999999999998785,0, -4.371096047843853e-11,1.8927392244123565e-10, -4.366496416324308e-8,-7.562990105888644e-8, -4.3683097033688534e-8,-7.582887368918402e-8, 1, 0.9999999999998057,3.154565374020594e-13, -1.1648590075051032e-10,6.322408734309159e-11, -4.3683097033688534e-8,-7.582887368918402e-8
1, 0.0016666666666666666, 1.2,0, 1.3877782513858538e-19,3.7854784518293427e-10, 1.386317913645228e-16,-1.5125980223783162e-7, -3.7934957661685997e-13,-1.5165801034358256e-7, 1, 1.2,6.309130753048904e-13, 3.6983081074612337e-19,1.2644817478654827e-10, -3.7934957661685997e-13,-1.5165801034358256e-7
2, 0.0016666666666666666, 1.0999999999998786,0.1732050000002103, -1.4570320205738764e-10,2.5236522992164746e-10, -4.3664964301874816e-8,7.562990105888644e-8, -4.3618626367465744e-8,7.55497731025788e-8, 1, 1.0999999999996357,0.1732050000006309, -2.1847814256051235e-10,3.784150650197915e-10, -4.3618626367465744e-8,7.55497731025788e-8
3, 0.0016666666666666666, 1.3000000000001215,0.1732049999997897, 1.4570320136349879e-10,-2.5236523032226484e-10, 4.366496409392721e-8,-7.562990117894518e-8, 4.36184363983096e-8,-7.554957602874279e-8, 1, 1.3000000000003644,0.17320499999936909, 2.1847814152004414e-10,-3.784150656205068e-10, 4.36184363983096e-8,-7.554957602874279e-8
4, 0.0016666666666666666, 1.1999999999998785,0.3464100000002103, -1.4570320124785048e-10,2.5236523052257335e-10, -4.366496405926923e-8,7.56299012389745e-8, -4.361820871576716e-8,7.554997038610656e-8, 1, 1.1999999999996356,0.34641000000063094, -2.1847814134663253e-10,3.7841506592086415e-10, -4.361820871576716e-8,7.554997038610656e-8
5, 0.0016666666666666666, 1.4000000000001214,0.34640999999978966, 1.4570320205738764e-10,-2.523652295210304e-10, 4.366496430187481e-8,-7.562990093882778e-8, 4.3618512534831636e-8,-7.554918137129555e-8, 1, 1.4000000000003643,0.34640999999936906, 2.1847814256051232e-10,-3.784150644190767e-10, 4.3618512534831636e-8,-7.554918137129555e-8
6, 0.0016666666666666666, 1.3,0.5196150000004207, -4.625927284038015e-19,5.047304598432952e-10, -1.386317847470779e-16,1.5125980211777296e-7, 3.793671283108148e-13,1.5109954605492624e-7, 1, 1.3,0.5196150000012619, -6.936457029822647e-19,7.568301300395835e-10, 3.793671283108148e-13,1.5109954605492624e-7
7, 0.0016666666666666666, 1.5000000000001215,0.5196150000002103, 1.4570320147914678e-10,2.5236522972133896e-10, 4.3664964128585097e-8,7.562990099885711e-8, 4.3618588325159315e-8,7.554983875386858e-8, 1, 1.5000000000003644,0.519615000000631, 2.1847814169345527e-10,3.7841506471943415e-10, 4.3618588325159315e-8,7.554983875386858e-8
0, 0.0016666666666666666, 0.9999999999998057,3.154565374020594e-13, -1.1648590075051032e-10,6.322408734309159e-11, -4.3683097033688534e-8,-7.582887368918402e-8, -4.363705433428126e-8,-7.574928311484347e-8, 1, 0.9999999999996115,4.2083001630721205e-13, -1.8929106247332454e-10,-6.315736880554842e-11, -4.363705433428126e-8,-7.574928311484347e-8
1, 0.0016666666666666666, 1.2,6.309130753048904e-13, 3.6983081074612337e-19,1.2644817478654827e-10, -3.7934957661685997e-13,-1.5165801034358256e-7, -9.257011996953942e-13,-1.5149976216176128e-7, 1, 1.2,8.416600332824709e-13, -6.318794635506871e-16,-1.2631517578608933e-10, -9.257011996953942e-13,-1.5149976216176128e-7
2, 0.0016666666666666666, 1.0999999999996357,0.1732050000006309, -2.1847814256051235e-10,3.784150650197915e-10, -4.3618626367465744e-8,7.55497731025788e-8, -4.3572112829553374e-8,7.547024820935592e-8, 1, 1.0999999999992716,0.1732050000012616, -2.9117585317295527e-10,5.043313535240895e-10, -4.3572112829553374e-8,7.547024820935592e-8
3, 0.0016666666666666666, 1.3000000000003644,0.17320499999936909, 2.1847814152004414e-10,-3.784150656205068e-10, 4.36184363983096e-8,-7.554957602874279e-8, 4.357176729064394e-8,-7.546808604822101e-8, 1, 1.3000000000007286,0.1732049999987384, 2.911755355172268e-10,-5.043310256684114e-10, 4.357176729064394e-8,-7.546808604822101e-8
4, 0.0016666666666666666, 1.1999999999996356,0.34641000000063094, -2.1847814134663253e-10,3.7841506592086415e-10, -4.361820871576716e-8,7.554997038610656e-8, -4.357074279704648e-8,7.546986052152914e-8, 1, 1.1999999999992714,0.34641000000126165, -2.9117515587291114e-10,5.043316832310417e-10, -4.357074279704648e-8,7.546986052152914e-8
5, 0.0016666666666666666, 1.4000000000003643,0.34640999999936906, 2.1847814256051232e-10,-3.784150644190767e-10, 4.3618512534831636e-8,-7.554918137129555e-8, 4.357165376928453e-8,-7.546749419725817e-8, 1, 1.4000000000007284,0.34640999999873834, 2.911756634518984e-10,-5.043303667045693e-10, 4.357165376928453e-8,-7.546749419725817e-8
6, 0.0016666666666666666, 1.3,0.5196150000012619, -6.936457029822647e-19,7.568301300395835e-10, 3.793671283108148e-13,1.5109954605492624e-7, 1.1383264605984491e-12,1.509385376412162e-7, 1, 1.3,0.5196150000025234, 6.315849014817091e-16,1.008662706797794e-9, 1.1383264605984491e-12,1.509385376412162e-7
7, 0.0016666666666666666, 1.5000000000003644,0.519615000000631, 2.1847814169345527e-10,3.7841506471943415e-10, 4.3618588325159315e-8,7.554983875386858e-8, 4.357188143462255e-8,7.546946601465795e-8, 1, 1.5000000000007285,0.5196150000012617, 2.911757889020541e-10,5.043314626425485e-10, 4.357188143462255e-8,7.546946601465795e-8
0, 0.0016666666666666666, 0.9999999999996115,4.2083001630721205e-13, -1.8929106247332454e-10,-6.315736880554842e-11, -4.363705433428126e-8,-7.574928311484347e-8, -4.35906133779402e-8,-7.566908913793914e-8, 1, 0.999999999999296,3.155677349646314e-13, -2.6201948636379333e-10,-1.894061739969542e-10, -4.35906133779402e-8,-7.566908913793914e-8
1, 0.0016666666666666666, 1.2,8.416600332824709e-13, -6.318794635506871e-16,-1.2631517578608933e-10, -9.257011996953942e-13,-1.5149976216176128e-7, -1.8507774684084716e-12,-1.5134017592640753e-7, 1, 1.2,6.311347403056553e-13, -2.1747147963763443e-15,-3.7881477938902476e-10, -1.8507774684084716e-12,-1.5134017592640753e-7
2, 0.0016666666666666666, 1.0999999999992716,0.1732050000012616, -2.9117585317295527e-10,5.043313535240895e-10, -4.3572112829553374e-8,7.547024820935592e-8, -4.352519341589545e-8,7.538975715520015e-8, 1, 1.0999999999987862,0.17320500000210215, -3.637960412222109e-10,6.301151005396827e-10, -4.352519341589545e-8,7.538975715520015e-8
3, 0.0016666666666666666, 1.3000000000007286,0.1732049999987384, 2.911755355172268e-10,-5.043310256684114e-10, 4.357176729064394e-8,-7.546808604822101e-8, 4.352438924245118e-8,-7.538641798795479e-8, 1, 1.300000000001214,0.17320499999789785, 3.6379514766830005e-10,-6.301111690821131e-10, 4.352438924245118e-8,-7.538641798795479e-8
4, 0.0016666666666666666, 1.1999999999992714,0.34641000000126165, -2.9117515587291114e-10,5.043316832310417e-10, -4.357074279704648e-8,7.546986052152914e-8, -4.352256819469601e-8,7.53895721322485e-8, 1, 1.199999999998786,0.3464100000021022, -3.6379306053465525e-10,6.30114784100257e-10, -4.352256819469601e-8,7.53895721322485e-8
5, 0.0016666666666666666, 1.4000000000007284,0.34640999999873834, 2.911756634518984e-10,-5.043303667045693e-10, 4.357165376928453e-8,-7.546749419725817e-8, 4.3524389195734387e-8,-7.538484139469175e-8, 1, 1.4000000000012138,0.3464099999978978, 3.6379508640070593e-10,-6.301095236999995e-10, 4.3524389195734387e-8,-7.538484139469175e-8
6, 0.0016666666666666666, 1.3,0.5196150000025234, 6.315849014817091e-16,1.008662706797794e-9, 1.1383264605984491e-12,1.509385376412162e-7, 2.2759063366295443e-12,1.5077677871632548e-7, 1, 1.3,0.5196150000042045, 2.5287956691457906e-15,1.260226936199821e-9, 2.2759063366295443e-12,1.5077677871632548e-7
7, 0.0016666666666666666, 1.5000000000007285,0.5196150000012617, 2.911757889020541e-10,5.043314626425485e-10, 4.357188143462255e-8,7.546946601465795e-8, 4.352484434202671e-8,7.538878355672479e-8, 1, 1.500000000001214,0.5196150000021023, 3.6379559129309167e-10,6.301139060003117e-10, 4.352484434202671e-8,7.538878355672479e-8
0, 0.0016666666666666666, 0.999999999999296,3.155677349646314e-13, -2.6201948636379333e-10,-1.894061739969542e-10, -4.35906133779402e-8,-7.566908913793914e-8, -4.354384159146444e-8,-7.558858470561086e-8, 1, 0.9999999999988594,-1.0922169695890681e-16, -3.346705086603603e-10,-3.155213225601861e-10, -4.354384159146444e-8,-7.558858470561086e-8
1, 0.0016666666666666666, 1.2,6.311347403056553e-13, -2.1747147963763443e-15,-3.7881477938902476e-10, -1.8507774684084716e-12,-1.5134017592640753e-7, -3.154142586448782e-12,-1.5117983505391226e-7, 1, 1.2,-2.232253427191605e-16, -5.259343910390463e-15,-6.310484059330372e-10, -3.154142586448782e-12,-1.5117983505391226e-7
2, 0.0016666666666666666, 1.0999999999987862,0.17320500000210215, -3.637960412222109e-10,6.301151005396827e-10, -4.352519341589545e-8,7.538975715520015e-8, -4.347786796433169e-8,7.530829822385216e-8, 1, 1.0999999999981798,0.17320500000315234, -4.363380302487033e-10,7.557646957983497e-10, -4.347786796433169e-8,7.530829822385216e-8
3, 0.0016666666666666666, 1.300000000001214,0.17320499999789785, 3.6379514766830005e-10,-6.301111690821131e-10, 4.352438924245118e-8,-7.538641798795479e-8, 4.347630195150841e-8,-7.53045747562676e-8, 1, 1.3000000000018204,0.17320499999684766, 4.363357964057187e-10,-7.557551990620378e-10, 4.347630195150841e-8,-7.53045747562676e-8
4, 0.0016666666666666666, 1.199999999998786,0.3464100000021022, -3.6379306053465525e-10,6.30114784100257e-10, -4.352256819469601e-8,7.53895721322485e-8, -4.347368600338713e-8,7.530910570709849e-8, 1, 1.1999999999981796,0.3464100000031524, -4.363306741924819e-10,7.557640709873378e-10, -4.347368600338713e-8,7.530910570709849e-8
5, 0.0016666666666666666, 1.4000000000012138,0.3464099999978978, 3.6379508640070593e-10,-6.301095236999995e-10, 4.3524389195734387e-8,-7.538484139469175e-8, 4.3476719346542393e-8,-7.53012254240142e-8, 1, 1.4000000000018202,0.34640999999684763, 4.3633573506026325e-10,-7.557509260244857e-10, 4.3476719346542393e-8,-7.53012254240142e-8
6, 0.0016666666666666666, 1.3,0.5196150000042045, 2.5287956691457906e-15,1.260226936199821e-9, 2.2759063366295443e-12,1.5077677871632548e-7, 3.791360518809235e-12,1.5061427109351398e-7, 1, 1.3,0.5196150000063049, 6.321972896861698e-15,1.5115215673936967e-9, 3.791360518809235e-12,1.5061427109351398e-7
7, 0.0016666666666666666, 1.500000000001214,0.5196150000021023, 3.6379559129309167e-10,6.301139060003117e-10, 4.352484434202671e-8,7.538878355672479e-8, 4.3477477725366924e-8,7.530779227767646e-8, 1, 1.5000000000018203,0.5196150000031524, 4.363369985298028e-10,7.55761878594853e-10, 4.3477477725366924e-8,7.530779227767646e-8
0, 0.0016666666666666666, 0.9999999999988594,0, -1.004011525981081e-10,2.3664099192013956e-10, -4.354384159146444e-8,-7.558858470561086e-8, -4.364465054034012e-8,-7.585638956390419e-8, 1, 0.999999999998692,3.944016532002326e-13, -1.729742219172155e-10,1.1066001741078814e-10, -4.364465054034012e-8,-7.585638956390419e-8
1, 0.0016666666666666666, 1.2,0, -1.5778031731171392e-15,4.73286304449778e-10, -3.154142586448782e-12,-1.5117983505391226e-7, -4.83718467808067e-12,-1.5171598629074192e-7, 1, 1.2,7.888105074162965e-13, -6.834707483865108e-15,2.2131991269325756e-10, -4.83718467808067e-12,-1.5171598629074192e-7
2, 0.0016666666666666666, 1.0999999999981798,0.17320500000315234, -4.363380302487033e-10,7.557646957983497e-10, -4.347786796433169e-8,7.530829822385216e-8, -4.3430137769320215e-8,7.522587387420856e-8, 1, 1.0999999999974526,0.17320500000441194, -5.088011435225894e-10,8.812785261714366e-10, -4.3430137769320215e-8,7.522587387420856e-8
3, 0.0016666666666666666, 1.3000000000018204,0.17320499999684766, 4.363357964057187e-10,-7.557551990620378e-10, 4.347630195150841e-8,-7.53045747562676e-8, 4.34275073954758e-8,-7.522255663068866e-8, 1, 1.3000000000025476,0.17320499999558805, 5.087962996582328e-10,-8.812628236558171e-10, 4.34275073954758e-8,-7.522255663068866e-8
4, 0.0016666666666666666, 1.1999999999981796,0.3464100000031524, -4.363306741924819e-10,7.557640709873378e-10, -4.347368600338713e-8,7.530910570709849e-8, -4.342409811377345e-8,7.522846167430794e-8, 1, 1.1999999999974524,0.346410000004412, -5.087868175314605e-10,8.812792471658353e-10, -4.342409811377345e-8,7.522846167430794e-8
5, 0.0016666666666666666, 1.4000000000018202,0.34640999999684763, 4.3633573506026325e-10,-7.557509260244857e-10, 4.3476719346542393e-8,-7.53012254240142e-8, 4.342864535997025e-8,-7.521664829286773e-8, 1, 1.4000000000025474,0.346409999995588, 5.087969339711673e-10,-8.812529683978427e-10, 4.342864535997025e-8,-7.521664829286773e-8
6, 0.0016666666666666666, 1.3,0.5196150000063049, 6.321972896861698e-15,1.5115215673936967e-9, 3.791360518809235e-12,1.5061427109351398e-7, 5.683839562793345e-12,1.5045101652401334e-7, 1, 1.3,0.5196150000088241, 1.264090709487709e-14,1.7625453525495533e-9, 5.683839562793345e-12,1.5045101652401334e-7
7, 0.0016666666666666666, 1.5000000000018203,0.5196150000031524, 4.363369985298028e-10,7.55761878594853e-10, 4.3477477725366924e-8,7.530779227767646e-8, 4.3429782417832045e-8,7.52264928639802e-8, 1, 1.5000000000025475,0.519615000004412, 5.087994614054144e-10,8.812748657243137e-10, 4.3429782417832045e-8,7.52264928639802e-8
0, 0.0016666666666666666, 0.999999999998692,3.944016532002326e-13, -1.729742219172155e-10,1.1066001741078814e-10, -4.364465054034012e-8,-7.585638956390419e-8, -4.3598327601112184e-8,-7.577634087349065e-8, 1, 0.9999999999984037,5.788350155515462e-13, -2.457153061511157e-10,-1.5767298529052175e-11, -4.3598327601112184e-8,-7.577634087349065e-8
1, 0.0016666666666666666, 1.2,7.888105074162965e-13, -6.834707483865108e-15,2.2131991269325756e-10, -4.83718467808067e-12,-1.5171598629074192e-7, -6.406549536193128e-12,-1.5155759408532297e-7, 1, 1.2,1.1576770285717258e-12, -1.489668194733289e-14,-3.154006445797895e-11, -6.406549536193128e-12,-1.5155759408532297e-7
2, 0.0016666666666666666, 1.0999999999974526,0.17320500000441194, -5.088011435225894e-10,8.812785261714366e-10, -4.3430137769320215e-8,7.522587387420856e-8, -4.338238002315329e-8,7.514528516819167e-8, 1, 1.0999999999966046,0.17320500000588074, -5.811847064714564e-10,1.0066549826284509e-9, -4.338238002315329e-8,7.514528516819167e-8
3, 0.0016666666666666666, 1.3000000000025476,0.17320499999558805, 5.087962996582328e-10,-8.812628236558171e-10, 4.34275073954758e-8,-7.522255663068866e-8, 4.337900345777564e-8,-7.513863916883708e-8, 1, 1.3000000000033956,0.17320499999411929, 5.811754786506924e-10,-1.0066337513736317e-9, 4.337900345777564e-8,-7.513863916883708e-8
4, 0.0016666666666666666, 1.1999999999974524,0.346410000004412, -5.087868175314605e-10,8.812792471658353e-10, -4.342409811377345e-8,7.522846167430794e-8, -4.337380641535663e-8,7.514764070196174e-8, 1, 1.1999999999966044,0.34641000000588085, -5.811603143877496e-10,1.006660016623015e-9, -4.337380641535663e-8,7.514764070196174e-8
5, 0.0016666666666666666, 1.4000000000025474,0.346409999995588, 5.087969339711673e-10,-8.812529683978427e-10, 4.342864535997025e-8,-7.521664829286773e-8, 4.3380168477802824e-8,-7.513111212649063e-8, 1, 1.4000000000033954,0.34640999999411926, 5.811780095711177e-10,-1.0066140488859556e-9, 4.3380168477802824e-8,-7.513111212649063e-8
6, 0.0016666666666666666, 1.3,0.5196150000088241, 1.264090709487709e-14,1.7625453525495533e-9, 5.683839562793345e-12,1.5045101652401334e-7, 7.952408073276676e-12,1.502870169073785e-7, 1, 1.3,0.5196150000117616, 2.2113973032865997e-14,2.013297046756242e-9, 7.952408073276676e-12,1.502870169073785e-7
7, 0.0016666666666666666, 1.5000000000025475,0.519615000004412, 5.087994614054144e-10,8.812748657243137e-10, 4.3429782417832045e-8,7.52264928639802e-8, 4.3381759269244745e-8,7.514488603120502e-8, 1, 1.5000000000033955,0.5196150000058808, 5.811824321018011e-10,1.0066523538309474e-9, 4.3381759269244745e-8,7.514488603120502e-8
0, 0.0016666666666666666, 0.9999999999984037,5.788350155515462e-13, -2.457153061511157e-10,-1.5767298529052175e-11, -4.3598327601112184e-8,-7.577634087349065e-8, -4.3551520377736676e-8,-7.56956173109881e-8, 1, 0.9999999999979942,5.525561846697925e-13, -3.1837918548630267e-10,-1.420611999848699e-10, -4.3551520377736676e-8,-7.56956173109881e-8
1, 0.0016666666666666666, 1.2,1.1576770285717258e-12, -1.489668194733289e-14,-3.154006445797895e-11, -6.406549536193128e-12,-1.5155759408532297e-7, -8.351879552453078e-12,-1.5139771951241e-7, 1, 1.2,1.1051102544750942e-12, -2.557426450765477e-14,-2.8413605460018387e-10, -8.351879552453078e-12,-1.5139771951241e-7
2, 0.0016666666666666666, 1.0999999999966046,0.17320500000588074, -5.811847064714564e-10,1.0066549826284509e-9, -4.338238002315329e-8,7.514528516819167e-8, -4.333421916733592e-8,7.506373491107719e-8, 1, 1.099999999995636,0.1732050000075585, -6.534886731767119e-10,1.131897124575437e-9, -4.333421916733592e-8,7.506373491107719e-8
3, 0.0016666666666666666, 1.3000000000033956,0.17320499999411929, 5.811754786506924e-10,-1.0066337513736317e-9, 4.337900345777564e-8,-7.513863916883708e-8, 4.332979509863781e-8,-7.505454796266508e-8, 1, 1.300000000004364,0.17320499999244157, 6.534738177469852e-10,-1.1318648166550268e-9, 4.332979509863781e-8,-7.505454796266508e-8
4, 0.0016666666666666666, 1.1999999999966044,0.34641000000588085, -5.811603143877496e-10,1.006660016623015e-9, -4.337380641535663e-8,7.514764070196174e-8, -4.332281201502343e-8,7.506664300699969e-8, 1, 1.199999999995636,0.3464100000075586, -6.534499917466773e-10,1.131906084459618e-9, -4.332281201502343e-8,7.506664300699969e-8
5, 0.0016666666666666666, 1.4000000000033954,0.34640999999411926, 5.811780095711177e-10,-1.0066140488859556e-9, 4.3380168477802824e-8,-7.513111212649063e-8, 4.333128929877968e-8,-7.504461901796229e-8, 1, 1.400000000004364,0.34640999999244154, 6.534782903674557e-10,-1.1318325690967732e-9, 4.333128929877968e-8,-7.504461901796229e-8
6, 0.0016666666666666666, 1.3,0.5196150000117616, 2.2113973032865997e-14,2.013297046756242e-9, 7.952408073276676e-12,1.502870169073785e-7, 1.05964264517897e-11,1.5012227399109015e-7, 1, 1.3,0.5196150000151172, 3.536798648832712e-14,2.2637754082685396e-9, 1.05964264517897e-11,1.5012227399109015e-7
7, 0.0016666666666666666, 1.5000000000033955,0.5196150000058808, 5.811824321018011e-10,1.0066523538309474e-9, 4.3381759269244745e-8,7.514488603120502e-8, 4.333340883364793e-8,7.506297246415132e-8, 1, 1.500000000004364,0.5196150000075586, 6.53485364217209e-10,1.1318938305496224e-9, 4.333340883364793e-8,7.506297246415132e-8
0, 0.0016666666666666666, 0.9999999999979942,5.525561846697925e-13, -3.1837918548630267e-10,-1.420611999848699e-10, -4.3551520377736676e-8,-7.56956173109881e-8, -4.350438296606327e-8,-7.561458413568476e-8, 1, 0.9999999999974635,3.1578751802834266e-13, -3.9096505278253045e-10,-2.682205621698501e-10, -4.350438296606327e-8,-7.561458413568476e-8
1, 0.0016666666666666666, 1.2,1.1051102544750942e-12, -2.557426450765477e-14,-2.8413605460018387e-10, -8.351879552453078e-12,-1.5139771951241e-7, -1.067329434731502e-11,-1.5123709084451112e-7, 1, 1.2,6.315501634747878e-13, -3.9494063761743235e-14,-5.364655871208672e-10, -1.067329434731502e-11,-1.5123709084451112e-7
2, 0.0016666666666666666, 1.099999999995636,0.1732050000075585, -6.534886731767119e-10,1.131897124575437e-9, -4.333421916733592e-8,7.506373491107719e-8, -4.328565562984573e-8,7.498121933842447e-8, 1, 1.099999999994547,0.173205000009445, -7.257123717889384e-10,1.2570033494272324e-9, -4.328565562984573e-8,7.498121933842447e-8
3, 0.0016666666666666666, 1.300000000004364,0.17320499999244157, 6.534738177469852e-10,-1.1318648166550268e-9, 4.332979509863781e-8,-7.505454796266508e-8, 4.32798820816378e-8,-7.497028723423771e-8, 1, 1.3000000000054532,0.17320499999055514, 7.256901429113815e-10,-1.2569557299261352e-9, 4.32798820816378e-8,-7.497028723423771e-8
4, 0.0016666666666666666, 1.199999999995636,0.3464100000075586, -6.534499917466773e-10,1.131906084459618e-9, -4.332281201502343e-8,7.506664300699969e-8, -4.327111672890876e-8,7.498546925635288e-8, 1, 1.1999999999945468,0.3464100000094451, -7.25654678438383e-10,1.2570171561379508e-9, -4.327111672890876e-8,7.498546925635288e-8
5, 0.0016666666666666666, 1.400000000004364,0.34640999999244154, 6.534782903674557e-10,-1.1318325690967732e-9, 4.333128929877968e-8,-7.504461901796229e-8, 4.3282008888708774e-8,-7.495717108817201e-8, 1, 1.400000000005453,0.34640999999055516, 7.256971058654218e-10,-1.2569069341267103e-9, 4.3282008888708774e-8,-7.495717108817201e-8
6, 0.0016666666666666666, 1.3,0.5196150000151172, 3.536798648832712e-14,2.2637754082685396e-9, 1.05964264517897e-11,1.5012227399109015e-7, 1.3614978528411955e-11,1.4995678940044504e-7, 1, 1.3,0.5196150000188902, 5.3028697241309954e-14,2.51397919825369e-9, 1.3614978528411955e-11,1.4995678940044504e-7
7, 0.0016666666666666666, 1.500000000004364,0.5196150000075586, 6.53485364217209e-10,1.1318938305496224e-9, 4.333340883364793e-8,7.506297246415132e-8, 4.328473201113498e-8,7.498075296705159e-8, 1, 1.5000000000054532,0.519615000009445, 7.257077122732889e-10,1.2569987846565413e-9, 4.328473201113498e-8,7.498075296705159e-8
0, 0.0016666666666666666, 0.9999999999974635,3.1578751802834266e-13, -3.9096505278253045e-10,-2.682205621698501e-10, -4.350438296606327e-8,-7.561458413568476e-8, -4.345691632672437e-8,-7.553324259857043e-8, 1, 0.9999999999968119,-1.3124675225474078e-13, -4.634723577259692e-10,-3.94244869062658e-10, -4.345691632672437e-8,-7.553324259857043e-8
1, 0.0016666666666666666, 1.2,6.315501634747878e-13, -3.9494063761743235e-14,-5.364655871208672e-10, -1.067329434731502e-11,-1.5123709084451112e-7, -1.337003400681807e-11,-1.5107571057293182e-7, 1, 1.2,-2.625591483933241e-13, -5.728288767393493e-14,-7.885274051950524e-10, -1.337003400681807e-11,-1.5107571057293182e-7
2, 0.0016666666666666666, 1.099999999994547,0.173205000009445, -7.257123717889384e-10,1.2570033494272324e-9, -4.328565562984573e-8,7.498121933842447e-8, -4.323668990425732e-8,7.48977406639091e-8, 1, 1.0999999999933374,0.17320500001154002, -7.978551311720146e-10,1.3819720483246064e-9, -4.323668990425732e-8,7.48977406639091e-8
3, 0.0016666666666666666, 1.3000000000054532,0.17320499999055514, 7.256901429113815e-10,-1.2569557299261352e-9, 4.32798820816378e-8,-7.497028723423771e-8, 4.3229265616402166e-8,-7.48858573166146e-8, 1, 1.3000000000066627,0.1732049999884602, 7.978232797141112e-10,-1.3819062086498648e-9, 4.3229265616402166e-8,-7.48858573166146e-8
4, 0.0016666666666666666, 1.1999999999945468,0.3464100000094451, -7.25654678438383e-10,1.2570171561379508e-9, -4.327111672890876e-8,7.498546925635288e-8, -4.3218721712788024e-8,7.490411987635383e-8, 1, 1.1999999999933373,0.34641000001154015, -7.977732063198976e-10,1.3819929382318722e-9, -4.3218721712788024e-8,7.490411987635383e-8
5, 0.0016666666666666666, 1.400000000005453,0.34640999999055516, 7.256971058654218e-10,-1.2569069341267103e-9, 4.3282008888708774e-8,-7.495717108817201e-8, 4.323232779235114e-8,-7.486877069617684e-8, 1, 1.4000000000066626,0.34640999998846034, 7.978337873466031e-10,-1.381835552606997e-9, 4.323232779235114e-8,-7.486877069617684e-8
6, 0.0016666666666666666, 1.3,0.5196150000188902, 5.3028697241309954e-14,2.51397919825369e-9, 1.3614978528411955e-11,1.4995678940044504e-7, 1.7007356973021007e-11,1.4979056493917867e-7, 1, 1.3,0.5196150000230801, 7.572032812199654e-14,2.7639071805877653e-9, 1.7007356973021007e-11,1.4979056493917867e-7
7, 0.0016666666666666666, 1.5000000000054532,0.519615000009445, 7.257077122732889e-10,1.2569987846565413e-9, 4.328473201113498e-8,7.498075296705159e-8, 4.323572944100779e-8,7.489822837346406e-8, 1, 1.5000000000066627,0.51961500001154, 7.978489322918472e-10,1.381966706268294e-9, 4.323572944100779e-8,7.489822837346406e-8
0, 0.0016666666666666666, 0.9999999999968119,0, -1.3904170731779077e-10,2.956836517969935e-10, -4.345691632672437e-8,-7.553324259857043e-8, -4.361402814431309e-8,-7.58873166558456e-8, 1, 0.9999999999965802,4.928060863283225e-13, -2.1146990119566472e-10,1.6979491413270947e-10, -4.361402814431309e-8,-7.58873166558456e-8
1, 0.0016666666666666666, 1.2,0, -1.718486630218048e-14,5.913955538962893e-10, -1.337003400681807e-11,-1.5107571057293182e-7, -1.6466481706513392e-11,-1.517853147197356e-7, 1, 1.2,9.856592564938154e-13, -3.946825631354393e-14,3.3960270294140295e-10, -1.6466481706513392e-11,-1.517853147197356e-7
2, 0.0016666666666666666, 1.0999999999933374,0.17320500001154002, -7.978551311720146e-10,1.3819720483246064e-9, -4.323668990425732e-8,7.48977406639091e-8, -4.3187394179865793e-8,7.481367028387142e-8, 1, 1.0999999999920076,0.1732050000138433, -8.699162810124434e-10,1.5068016160977883e-9, -4.3187394179865793e-8,7.481367028387142e-8
3, 0.0016666666666666666, 1.3000000000066627,0.1732049999884602, 7.978232797141112e-10,-1.3819062086498648e-9, 4.3229265616402166e-8,-7.48858573166146e-8, 4.3178089593911395e-8,-7.480101254947759e-8, 1, 1.3000000000079923,0.17320499998615702, 8.698720557414481e-10,-1.5067159708442224e-9, 4.3178089593911395e-8,-7.480101254947759e-8
4, 0.0016666666666666666, 1.1999999999933373,0.34641000001154015, -7.977732063198976e-10,1.3819929382318722e-9, -4.3218721712788024e-8,7.490411987635383e-8, -4.3165628901151065e-8,7.482259508230928e-8, 1, 1.1999999999920077,0.3464100000138435, -8.698044091745443e-10,1.5068331380257953e-9, -4.3165628901151065e-8,7.482259508230928e-8
5, 0.0016666666666666666, 1.4000000000066626,0.34640999998846034, 7.978337873466031e-10,-1.381835552606997e-9, 4.323232779235114e-8,-7.486877069617684e-8, 4.318224719519389e-8,-7.477942004857071e-8, 1, 1.4000000000079924,0.3464099999861573, 8.698876670005217e-10,-1.5066168371006251e-9, 4.318224719519389e-8,-7.477942004857071e-8
6, 0.0016666666666666666, 1.3,0.5196150000230801, 7.572032812199654e-14,2.7639071805877653e-9, 1.7007356973021007e-11,1.4979056493917867e-7, 2.0772716641824392e-11,1.496236026496867e-7, 1, 1.3000000000000003,0.5196150000276867, 1.0406592307703155e-13,3.013558122153063e-9, 2.0772716641824392e-11,1.496236026496867e-7
7, 0.0016666666666666666, 1.5000000000066627,0.51961500001154, 7.978489322918472e-10,1.381966706268294e-9, 4.323572944100779e-8,7.489822837346406e-8, 4.31864019871351e-8,7.481539942596182e-8, 1, 1.5000000000079925,0.5196150000138433, 8.699084813601935e-10,1.506797086890734e-9, 4.31864019871351e-8,7.481539942596182e-8
0, 0.0016666666666666666, 0.9999999999965802,4.928060863283225e-13, -2.1146990119566472e-10,1.6979491413270947e-10, -4.361402814431309e-8,-7.58873166558456e-8, -4.356737272554686e-8,-7.580673131474856e-8, 1, 0.9999999999962277,7.757976098828382e-13, -2.841599481028532e-10,4.331605303963348e-11, -4.356737272554686e-8,-7.580673131474856e-8
1, 0.0016666666666666666, 1.2,9.856592564938154e-13, -3.946825631354393e-14,3.3960270294140295e-10, -1.6466481706513392e-11,-1.517853147197356e-7, -1.9235431259109657e-11,-1.516267487760474e-7, 1, 1.2,1.5516637613961535e-12, -6.691239249106625e-14,8.662717840851028e-11, -1.9235431259109657e-11,-1.516267487760474e-7
2, 0.0016666666666666666, 1.0999999999920076,0.1732050000138433, -8.699162810124434e-10,1.5068016160977883e-9, -4.3187394179865793e-8,7.481367028387142e-8, -4.313808061014991e-8,7.47317987090006e-8, 1, 1.0999999999905576,0.17320500001635464, -9.418952713122197e-10,1.6314910665709072e-9, -4.313808061014991e-8,7.47317987090006e-8
3, 0.0016666666666666666, 1.3000000000079923,0.17320499998615702, 8.698720557414481e-10,-1.5067159708442224e-9, 4.3178089593911395e-8,-7.480101254947759e-8, 4.312731627759259e-8,-7.471408962834064e-8, 1, 1.300000000009442,0.17320499998364583, 9.418355383979672e-10,-1.6313843250933516e-9, 4.312731627759259e-8,-7.471408962834064e-8
4, 0.0016666666666666666, 1.1999999999920077,0.3464100000138435, -8.698044091745443e-10,1.5068331380257953e-9, -4.3165628901151065e-8,7.482259508230928e-8, -4.3111839776243175e-8,7.474089569000321e-8, 1, 1.199999999990558,0.34641000001635486, -9.41747124009796e-10,1.6315374631629776e-9, -4.3111839776243175e-8,7.474089569000321e-8
5, 0.0016666666666666666, 1.4000000000079924,0.3464099999861573, 8.698876670005217e-10,-1.5066168371006251e-9, 4.318224719519389e-8,-7.477942004857071e-8, 4.3131767917859044e-8,-7.468912131941883e-8, 1, 1.4000000000094421,0.34640999998364624, 9.418580789925114e-10,-1.631249203848243e-9, 4.3131767917859044e-8,-7.468912131941883e-8
6, 0.0016666666666666666, 1.3000000000000003,0.5196150000276867, 1.0406592307703155e-13,3.013558122153063e-9, 2.0772716641824392e-11,1.496236026496867e-7, 2.4910039662886514e-11,1.4945590409172595e-7, 1, 1.3000000000000005,0.5196150000327093, 1.386871174800722e-13,3.262930793235874e-9, 2.4910039662886514e-11,1.4945590409172595e-7
7, 0.0016666666666666666, 1.5000000000079925,0.5196150000138433, 8.699084813601935e-10,1.506797086890734e-9, 4.31864019871351e-8,7.481539942596182e-8, 4.313675051271296e-8,7.473226686624079e-8, 1, 1.5000000000094424,0.5196150000163546, 9.418858180054187e-10,1.631489419267337e-9, 4.313675051271296e-8,7.473226686624079e-8
0, 0.0016666666666666666, 0.9999999999962277,7.757976098828382e-13, -2.841599481028532e-10,4.331605303963348e-11, -4.356737272554686e-8,-7.580673131474856e-8, -4.35201746260778e-8,-7.572538131344952e-8, 1, 0.9999999999957541,8.479910316155607e-13, -3.5677223597876464e-10,-8.30284991516141e-11, -4.35201746260778e-8,-7.572538131344952e-8
1, 0.0016666666666666666, 1.2,1.5516637613961535e-12, -6.691239249106625e-14,8.662717840851028e-11, -1.9235431259109657e-11,-1.516267487760474e-7, -2.237731476191944e-11,-1.51466519295342e-7, 1, 1.1999999999999997,1.696042392077004e-12, -9.897144458958235e-14,-1.6608406955156869e-10, -2.237731476191944e-11,-1.51466519295342e-7
2, 0.0016666666666666666, 1.0999999999905576,0.17320500001635464, -9.418952713122197e-10,1.6314910665709072e-9, -4.313808061014991e-8,7.47317987090006e-8, -4.308836765983201e-8,7.464897013947318e-8, 1, 1.0999999999889878,0.1732050000190738, -1.0137920723291363e-9,1.7560440644192415e-9, -4.308836765983201e-8,7.464897013947318e-8
3, 0.0016666666666666666, 1.300000000009442,0.17320499998364583, 9.418355383979672e-10,-1.6313843250933516e-9, 4.312731627759259e-8,-7.471408962834064e-8, 4.307584409892713e-8,-7.462699942268022e-8, 1, 1.3000000000110117,0.17320499998092687, 1.0137143988606215e-9,-1.7559078078072527e-9, 4.307584409892713e-8,-7.462699942268022e-8
4, 0.0016666666666666666, 1.199999999990558,0.34641000001635486, -9.41747124009796e-10,1.6315374631629776e-9, -4.3111839776243175e-8,7.474089569000321e-8, -4.305735607848294e-8,7.465902206429841e-8, 1, 1.1999999999889883,0.34641000001907407, -1.0136001903035347e-9,1.7561056226463162e-9, -4.305735607848294e-8,7.465902206429841e-8
5, 0.0016666666666666666, 1.4000000000094421,0.34640999998364624, 9.418580789925114e-10,-1.631249203848243e-9, 4.3131767917859044e-8,-7.468912131941883e-8, 4.308089138687418e-8,-7.459787628986257e-8, 1, 1.400000000011012,0.3464099999809275, 1.0137443588556097e-9,-1.755731072713941e-9, 4.308089138687418e-8,-7.459787628986257e-8
6, 0.0016666666666666666, 1.3000000000000005,0.5196150000327093, 1.386871174800722e-13,3.262930793235874e-9, 2.4910039662886514e-11,1.4945590409172595e-7, 2.9418655998311866e-11,1.4928747112336725e-7, 1, 1.3000000000000007,0.5196150000381475, 1.8020385025154972e-13,3.512023966722084e-9, 2.9418655998311866e-11,1.4928747112336725e-7
7, 0.0016666666666666666, 1.5000000000094424,0.5196150000163546, 9.418858180054187e-10,1.631489419267337e-9, 4.313675051271296e-8,7.473226686624079e-8, 4.308677549838918e-8,7.464883125493773e-8, 1, 1.5000000000110123,0.5196150000190738, 1.0137804021932736e-9,1.7560431973777383e-9, 4.308677549838918e-8,7.464883125493773e-8
0, 0.0016666666666666666, 0.9999999999957541,8.479910316155607e-13, -3.5677223597876464e-10,-8.30284991516141e-11, -4.35201746260778e-8,-7.572538131344952e-8, -4.347264752084138e-8,-7.564372298516893e-8, 1, 0.9999999999951594,7.096101996962039e-13, -4.29305860355561e-10,-2.092374680073633e-10, -4.347264752084138e-8,-7.564372298516893e-8
1, 0.0016666666666666666, 1.1999999999999997,1.696042392077004e-12, -9.897144458958235e-14,-1.6608406955156869e-10, -2.237731476191944e-11,-1.51466519295342e-7, -2.5892233974430384e-11,-1.5130553617288949e-7, 1, 1.1999999999999995,1.4192356094910562e-12, -1.3626696919278142e-13,-4.185282683771387e-10, -2.5892233974430384e-11,-1.5130553617288949e-7
2, 0.0016666666666666666, 1.0999999999889878,0.1732050000190738, -1.0137920723291363e-9,1.7560440644192415e-9, -4.308836765983201e-8,7.464897013947318e-8, -4.303825567728727e-8,7.456517964749632e-8, 1, 1.099999999987298,0.17320500002200054, -1.0856060184288562e-9,1.8804590146516968e-9, -4.303825567728727e-8,7.456517964749632e-8
3, 0.0016666666666666666, 1.3000000000110117,0.17320499998092687, 1.0137143988606215e-9,-1.7559078078072527e-9, 4.307584409892713e-8,-7.462699942268022e-8, 4.3023672460680756e-8,-7.45397465830985e-8, 1, 1.3000000000127012,0.17320499997800035, 1.0855074723588333e-9,-1.8802861401783866e-9, 4.3023672460680756e-8,-7.45397465830985e-8
4, 0.0016666666666666666, 1.1999999999889883,0.34641000001907407, -1.0136001903035347e-9,1.7561056226463162e-9, -4.305735607848294e-8,7.465902206429841e-8, -4.300217914774251e-8,7.457697453915323e-8, 1, 1.199999999987299,0.3464100000220009, -1.0853624504343395e-9,1.8805373260868134e-9, -4.300217914774251e-8,7.457697453915323e-8
5, 0.0016666666666666666, 1.400000000011012,0.3464099999809275, 1.0137443588556097e-9,-1.755731072713941e-9, 4.308089138687418e-8,-7.459787628986257e-8, 4.3029617761555606e-8,-7.450568767019065e-8, 1, 1.4000000000127015,0.34640999997800126, 1.0855458445004001e-9,-1.8800608665303787e-9, 4.3029617761555606e-8,-7.450568767019065e-8
6, 0.0016666666666666666, 1.3000000000000007,0.5196150000381475, 1.8020385025154972e-13,3.512023966722084e-9, 2.9418655998311866e-11,1.4928747112336725e-7, 3.4297827292259654e-11,1.491183056611323e-7, 1, 1.300000000000001,0.5196150000440009, 2.292349435820695e-13,3.760836418594363e-9, 3.4297827292259654e-11,1.491183056611323e-7
7, 0.0016666666666666666, 1.5000000000110123,0.5196150000190738, 1.0137804021932736e-9,1.7560431973777383e-9, 4.308677549838918e-8,7.464883125493773e-8, 4.303647801370923e-8,7.456509369274224e-8, 1, 1.5000000000127018,0.5196150000220006, 1.085591694690589e-9,1.880457916135968e-9, 4.303647801370923e-8,7.456509369274224e-8
0, 0.0016666666666666666, 0.9999999999951594,7.096101996962039e-13, -4.29305860355561e-10,-2.092374680073633e-10, -4.347264752084138e-8,-7.564372298516893e-8, -4.3424792119669476e-8,-7.556175761528654e-8, 1, 0.9999999999944439,3.6088108635059845e-13, -5.017602728902966e-10,-3.353103396493115e-10, -4.3424792119669476e-8,-7.556175761528654e-8
1, 0.0016666666666666666, 1.1999999999999995,1.4192356094910562e-12, -1.3626696919278142e-13,-4.185282683771387e-10, -2.5892233974430384e-11,-1.5130553617288949e-7, -2.9779813811395203e-11,-1.5114380215072956e-7, 1, 1.1999999999999993,7.216884955291584e-13, -1.7942069248349871e-13,-6.707041619986212e-10, -2.9779813811395203e-11,-1.5114380215072956e-7
2, 0.0016666666666666666, 1.099999999987298,0.17320500002200054, -1.0856060184288562e-9,1.8804590146516968e-9, -4.303825567728727e-8,7.456517964749632e-8, -4.29877450827775e-8,7.448042944195083e-8, 1, 1.0999999999854886,0.17320500002513464, -1.1573364445576683e-9,2.0047343140641906e-9, -4.29877450827775e-8,7.448042944195083e-8
3, 0.0016666666666666666, 1.3000000000127012,0.17320499997800035, 1.0855074723588333e-9,-1.8802861401783866e-9, 4.3023672460680756e-8,-7.45397465830985e-8, 4.297080256663034e-8,-7.445233167622787e-8, 1, 1.3000000000145104,0.17320499997486655, 1.1572135931266346e-9,-2.0045190511502175e-9, 4.297080256663034e-8,-7.445233167622787e-8
4, 0.0016666666666666666, 1.199999999987299,0.3464100000220009, -1.0853624504343395e-9,1.8805373260868134e-9, -4.300217914774251e-8,7.457697453915323e-8, -4.2946311120035444e-8,7.449475350823442e-8, 1, 1.19999999998549,0.3464100000251351, -1.1570327490139103e-9,2.004832283652069e-9, -4.2946311120035444e-8,7.449475350823442e-8
5, 0.0016666666666666666, 1.4000000000127015,0.34640999997800126, 1.0855458445004001e-9,-1.8800608665303787e-9, 4.3029617761555606e-8,-7.450568767019065e-8, 4.2977948760969205e-8,-7.441255750779903e-8, 1, 1.4000000000145107,0.3464099999748678, 1.1572618741029927e-9,-2.0042370126473632e-9, 4.2977948760969205e-8,-7.441255750779903e-8
6, 0.0016666666666666666, 1.300000000000001,0.5196150000440009, 2.292349435820695e-13,3.760836418594363e-9, 3.4297827292259654e-11,1.491183056611323e-7, 3.954650364383157e-11,1.4894840967968054e-7, 1, 1.3000000000000014,0.519615000050269, 2.863979890691689e-13,4.009366928029583e-9, 3.954650364383157e-11,1.4894840967968054e-7
7, 0.0016666666666666666, 1.5000000000127018,0.5196150000220006, 1.085591694690589e-9,1.880457916135968e-9, 4.303647801370923e-8,7.456509369274224e-8, 4.298585885015708e-8,7.448105479901325e-8, 1, 1.500000000014511,0.5196150000251346, 1.157319158046771e-9,2.004733072290538e-9, 4.298585885015708e-8,7.448105479901325e-8
0, 0.0016666666666666666, 0.9999999999944439,3.6088108635059845e-13, -5.017602728902966e-10,-3.353103396493115e-10, -4.3424792119669476e-8,-7.556175761528654e-8, -4.337660913306154e-8,-7.547948591885138e-8, 1, 0.9999999999936077,-1.9796947973158737e-13, -5.741349264230791e-10,-4.6124660234145574e-10, -4.337660913306154e-8,-7.547948591885138e-8
1, 0.0016666666666666666, 1.1999999999999993,7.216884955291584e-13, -1.7942069248349871e-13,-6.707041619986212e-10, -2.9779813811395203e-11,-1.5114380215072956e-7, -3.403924539969353e-11,-1.509813191035732e-7, 1, 1.199999999999999,-3.961517744685435e-13, -2.2905371550249073e-13,-9.226104989165038e-10, -3.403924539969353e-11,-1.509813191035732e-7
2, 0.0016666666666666666, 1.0999999999854886,0.17320500002513464, -1.1573364445576683e-9,2.0047343140641906e-9, -4.29877450827775e-8,7.448042944195083e-8, -4.293683711151759e-8,7.43947216467642e-8, 1, 1.0999999999835597,0.17320500002847586, -1.2289826863622975e-9,2.128868363134109e-9, -4.293683711151759e-8,7.43947216467642e-8
3, 0.0016666666666666666, 1.3000000000145104,0.17320499997486655, 1.1572135931266346e-9,-2.0045190511502175e-9, 4.297080256663034e-8,-7.445233167622787e-8, 4.291723622833413e-8,-7.436475511357554e-8, 1, 1.3000000000164391,0.1732049999715257, 1.2288315974043518e-9,-2.1286062706105973e-9, 4.291723622833413e-8,-7.436475511357554e-8
4, 0.0016666666666666666, 1.19999999998549,0.3464100000251351, -1.1570327490139103e-9,2.004832283652069e-9, -4.2946311120035444e-8,7.449475350823442e-8, -4.288975300239535e-8,7.44123598155519e-8, 1, 1.1999999999835615,0.3464100000284765, -1.2286099342139693e-9,2.128990206165793e-9, -4.288975300239535e-8,7.44123598155519e-8
5, 0.0016666666666666666, 1.4000000000145107,0.3464099999748678, 1.1572618741029927e-9,-2.0042370126473632e-9, 4.2977948760969205e-8,-7.441255750779903e-8, 4.292588485501249e-8,-7.431848802750962e-8, 1, 1.4000000000164394,0.34640999997152744, 1.228891788704608e-9,-2.1282579418270283e-9, 4.292588485501249e-8,-7.431848802750962e-8
6, 0.0016666666666666666, 1.3000000000000014,0.519615000050269, 2.863979890691689e-13,4.009366928029583e-9, 3.954650364383157e-11,1.4894840967968054e-7, 4.516361858190831e-11,1.48777784580775e-7, 1, 1.3000000000000018,0.5196150000569513, 3.5230882847555486e-13,4.257614277495718e-9, 4.516361858190831e-11,1.48777784580775e-7
7, 0.0016666666666666666, 1.500000000014511,0.5196150000251346, 1.157319158046771e-9,2.004733072290538e-9, 4.298585885015708e-8,7.448105479901325e-8, 4.293491893686917e-8,7.439671543232175e-8, 1, 1.50000000001644,0.5196150000284758, 1.2289622561303662e-9,2.1288681636222268e-9, 4.293491893686917e-8,7.439671543232175e-8
0, 0.0016666666666666666, 0.9999999999936077,0, -1.7224047792692376e-10,3.459349517560918e-10, -4.337660913306154e-8,-7.547948591885138e-8, -4.358195069613343e-8,-7.590672448336533e-8, 1, 0.9999999999933206,5.765582529268197e-13, -2.4453482648202633e-10,2.2013580855800618e-10, -4.358195069613343e-8,-7.590672448336533e-8
1, 0.0016666666666666666, 1.199999999999999,0, -6.871611465074723e-14,6.919578741873779e-10, -3.403924539969353e-11,-1.509813191035732e-7, -3.877083118143109e-11,-1.5183822147081304e-7, 1, 1.1999999999999988,1.1532631236456297e-12, -1.2544819031690312e-13,4.4032234234808924e-10, -3.877083118143109e-11,-1.5183822147081304e-7
2, 0.0016666666666666666, 1.0999999999835597,0.17320500002847586, -1.2289826863622975e-9,2.128868363134109e-9, -4.293683711151759e-8,7.43947216467642e-8, -4.288564013487724e-8,7.430861532147772e-8, 1, 1.0999999999815113,0.17320500003202396, -1.30054408154816e-9,2.2528595658787157e-9, -4.288564013487724e-8,7.430861532147772e-8
3, 0.0016666666666666666, 1.3000000000164391,0.1732049999715257, 1.2288315974043518e-9,-2.1286062706105973e-9, 4.291723622833413e-8,-7.436475511357554e-8, 4.2863189668055364e-8,-7.427664599406285e-8, 1, 1.3000000000184873,0.173204999967978, 1.3003603244515753e-9,-2.252547529133223e-9, 4.2863189668055364e-8,-7.427664599406285e-8
4, 0.0016666666666666666, 1.1999999999835615,0.3464100000284765, -1.2286099342139693e-9,2.128990206165793e-9, -4.288975300239535e-8,7.44123598155519e-8, -4.283250677105299e-8,7.43297936436828e-8, 1, 1.1999999999815139,0.3464100000320248, -1.3000928558846283e-9,2.2530108058583794e-9, -4.283250677105299e-8,7.43297936436828e-8
5, 0.0016666666666666666, 1.4000000000164394,0.34640999997152744, 1.228891788704608e-9,-2.1282579418270283e-9, 4.292588485501249e-8,-7.431848802750962e-8, 4.2873427257705145e-8,-7.422348130175811e-8, 1, 1.4000000000184876,0.34640999996798033, 1.3004349301296288e-9,-2.2521220885395443e-9, 4.2873427257705145e-8,-7.422348130175811e-8
6, 0.0016666666666666666, 1.3000000000000018,0.5196150000569513, 3.5230882847555486e-13,4.257614277495718e-9, 4.516361858190831e-11,1.48777784580775e-7, 5.1148991449019865e-11,1.4860643251525798e-7, 1, 1.3000000000000025,0.5196150000640473, 4.275815261120687e-13,4.505577251797009e-9, 5.1148991449019865e-11,1.4860643251525798e-7
7, 0.0016666666666666666, 1.50000000001644,0.5196150000284758, 1.2289622561303662e-9,2.1288681636222268e-9, 4.293491893686917e-8,7.439671543232175e-8, 4.2883658473565155e-8,7.431207615012413e-8, 1, 1.5000000000184883,0.519615000032024, 1.3005204543584814e-9,2.252862689342763e-9, 4.2883658473565155e-8,7.431207615012413e-8
0, 0.0016666666666666666, 0.9999999999933206,5.765582529268197e-13, -2.4453482648202633e-10,2.2013580855800618e-10, -4.358195069613343e-8,-7.590672448336533e-8, -4.353488961923924e-8,-7.582546618589443e-8, 1, 0.999999999992913,9.434512671901633e-13, -3.17171410975582e-10,9.362460108573062e-11, -4.353488961923924e-8,-7.582546618589443e-8
1, 0.0016666666666666666, 1.1999999999999988,1.1532631236456297e-12, -1.2544819031690312e-13,4.4032234234808924e-10, -3.877083118143109e-11,-1.5183822147081304e-7, -4.293426005628171e-11,-1.516792910588771e-7, 1, 1.1999999999999986,1.8871336942257785e-12, -1.900662422859549e-13,1.8725863989673418e-10, -4.293426005628171e-11,-1.516792910588771e-7
2, 0.0016666666666666666, 1.0999999999815113,0.17320500003202396, -1.30054408154816e-9,2.2528595658787157e-9, -4.288564013487724e-8,7.430861532147772e-8, -4.283445917161032e-8,7.422514533744856e-8, 1, 1.0999999999793437,0.17320500003577874, -1.372020148439622e-9,2.3767072580811787e-9, -4.283445917161032e-8,7.422514533744856e-8
3, 0.0016666666666666666, 1.3000000000184873,0.173204999967978, 1.3003603244515753e-9,-2.252547529133223e-9, 4.2863189668055364e-8,-7.427664599406285e-8, 4.280969184201603e-8,-7.418622475620005e-8, 1, 1.3000000000206546,0.17320499996422375, 1.3717989738983342e-9,-2.376341939123328e-9, 4.280969184201603e-8,-7.418622475620005e-8
4, 0.0016666666666666666, 1.1999999999815139,0.3464100000320248, -1.3000928558846283e-9,2.2530108058583794e-9, -4.283250677105299e-8,7.43297936436828e-8, -4.277457401954051e-8,7.42470553545939e-8, 1, 1.1999999999793471,0.3464100000357798, -1.3714803671697166e-9,2.3768937952645176e-9, -4.277457401954051e-8,7.42470553545939e-8
5, 0.0016666666666666666, 1.4000000000184876,0.34640999996798033, 1.3004349301296288e-9,-2.2521220885395443e-9, 4.2873427257705145e-8,-7.422348130175811e-8, 4.282057688766952e-8,-7.412753967105596e-8, 1, 1.400000000020655,0.3464099999642268, 1.371890642225804e-9,-2.375827890709141e-9, 4.282057688766952e-8,-7.412753967105596e-8
6, 0.0016666666666666666, 1.3000000000000025,0.5196150000640473, 4.275815261120687e-13,4.505577251797009e-9, 5.1148991449019865e-11,1.4860643251525798e-7, 5.750133248693732e-11,1.4843435539212653e-7, 1, 1.3000000000000032,0.5196150000715566, 5.128298451937685e-13,4.75325463932244e-9, 5.750133248693732e-11,1.4843435539212653e-7
7, 0.0016666666666666666, 1.5000000000184883,0.519615000032024, 1.3005204543584814e-9,2.252862689342763e-9, 4.2883658473565155e-8,7.431207615012413e-8, 4.283207864777928e-8,7.422713777938996e-8, 1, 1.500000000020656,0.5196150000357788, 1.37199321848109e-9,2.37671614959297e-9, 4.283207864777928e-8,7.422713777938996e-8
0, 0.0016666666666666666, 0.999999999992913,9.434512671901633e-13, -3.17171410975582e-10,9.362460108573062e-11, -4.353488961923924e-8,-7.582546618589443e-8, -4.3487236133772496e-8,-7.574336729004977e-8, 1, 0.9999999999923844,1.0994922689997143e-12, -3.8972956034098077e-10,-3.2751175890760096e-11, -4.3487236133772496e-8,-7.574336729004977e-8
1, 0.0016666666666666666, 1.1999999999999986,1.8871336942257785e-12, -1.900662422859549e-13,1.8725863989673418e-10, -4.293426005628171e-11,-1.516792910588771e-7, -4.7466959361490336e-11,-1.5151854337240595e-7, 1, 1.1999999999999984,2.199231427387002e-12, -2.6162334237975776e-13,-6.55401785347276e-11, -4.7466959361490336e-11,-1.5151854337240595e-7
2, 0.0016666666666666666, 1.0999999999793437,0.17320500003577874, -1.372020148439622e-9,2.3767072580811787e-9, -4.283445917161032e-8,7.422514533744856e-8, -4.27828835345658e-8,7.414072356587488e-8, 1, 1.099999999977057,0.17320500003973993, -1.4434109137256393e-9,2.500415833643593e-9, -4.27828835345658e-8,7.414072356587488e-8
3, 0.0016666666666666666, 1.3000000000206546,0.17320499996422375, 1.3717989738983342e-9,-2.376341939123328e-9, 4.280969184201603e-8,-7.418622475620005e-8, 4.275550226819652e-8,-7.409564387531721e-8, 1, 1.300000000022941,0.17320499996026317, 1.4431484603016944e-9,-2.499985647050328e-9, 4.275550226819652e-8,-7.409564387531721e-8
